[gd_scene load_steps=23 format=3 uid="uid://bcrl0aktmtmyp"]

[ext_resource type="Script" uid="uid://c0sijd54rx8d8" path="res://planets/sun.gd" id="1_du7ao"]
[ext_resource type="Script" uid="uid://d1l5a0mqmphht" path="res://universe.gd" id="1_umr58"]
[ext_resource type="Script" uid="uid://dah2chlrc85o2" path="res://scripts/distant_viewport.gd" id="2_ityni"]
[ext_resource type="Script" uid="uid://coedapwam4a16" path="res://player/far_camera.gd" id="2_vx2oy"]
[ext_resource type="Environment" uid="uid://dbovspt5sfahf" path="res://materials/space/env_far_plane.tres" id="3_3ukee"]
[ext_resource type="PackedScene" uid="uid://vikllycrom4u" path="res://player/player.tscn" id="3_cy13p"]
[ext_resource type="PackedScene" uid="uid://bk6osrnqt17ck" path="res://planets/earth/earth.tscn" id="4_k1ssn"]
[ext_resource type="Environment" uid="uid://cpi4mra4pwyk6" path="res://materials/space/env_default.tres" id="5_5q646"]
[ext_resource type="PackedScene" uid="uid://cle4y361jqlsd" path="res://planets/earth/moon_1.tscn" id="5_fy7xb"]
[ext_resource type="Script" uid="uid://e0lh8216jm2n" path="res://planets/planet.gd" id="5_i25xt"]
[ext_resource type="PackedScene" uid="uid://lu2c3p1fat0k" path="res://planets/venus.tscn" id="6_85u24"]
[ext_resource type="Shader" uid="uid://dbsv4wtbqqvgb" path="res://materials/space/stars.gdshader" id="13_e1ak8"]
[ext_resource type="Script" uid="uid://behm0sc1nex5l" path="res://scripts/follow_camera.gd" id="13_y7hry"]
[ext_resource type="Texture2D" uid="uid://b1oi3thwk473a" path="res://materials/space/star.png" id="14_ghecb"]
[ext_resource type="MultiMesh" uid="uid://o6a2se8aornx" path="res://planets/stars.multimesh" id="15_1w72n"]

[sub_resource type="SphereMesh" id="SphereMesh_yahx1"]
radius = 1000.0
height = 2000.0

[sub_resource type="StandardMaterial3D" id="StandardMaterial3D_628ck"]
emission_enabled = true
emission = Color(2, 2.2, 1.7, 1)

[sub_resource type="SphereMesh" id="SphereMesh_qssiu"]
radius = 50.0
height = 100.0

[sub_resource type="SphereShape3D" id="SphereShape3D_tbrwi"]
radius = 50.0

[sub_resource type="SphereMesh" id="SphereMesh_av8mv"]
radius = 1600.0
height = 3200.0

[sub_resource type="StandardMaterial3D" id="StandardMaterial3D_yvld4"]
albedo_color = Color(0, 0.631373, 0.635294, 1)

[sub_resource type="ShaderMaterial" id="ShaderMaterial_wo1q8"]
render_priority = 0
shader = ExtResource("13_e1ak8")
shader_parameter/mask = ExtResource("14_ghecb")
shader_parameter/strength = 3.0

[node name="universe" type="Node3D"]
script = ExtResource("1_umr58")

[node name="far_viewport" type="SubViewport" parent="."]
handle_input_locally = false
positional_shadow_atlas_size = 1024
positional_shadow_atlas_quad_0 = 1
positional_shadow_atlas_quad_1 = 1
positional_shadow_atlas_quad_2 = 2
positional_shadow_atlas_quad_3 = 2
render_target_update_mode = 4
script = ExtResource("2_ityni")

[node name="far_camera" type="Camera3D" parent="far_viewport"]
transform = Transform3D(-0.8660254, 0, 0.50000006, 0, 1, 0, -0.50000006, 0, -0.8660254, -15904.5, 1.38606, -22855.1)
cull_mask = 2
environment = ExtResource("3_3ukee")
fov = 85.0
near = 10.0
far = 4000000.0
script = ExtResource("2_vx2oy")

[node name="WorldEnvironment" type="WorldEnvironment" parent="."]
environment = ExtResource("5_5q646")

[node name="sun" type="MeshInstance3D" parent="."]
layers = 3
cast_shadow = 0
gi_mode = 0
mesh = SubResource("SphereMesh_yahx1")
skeleton = NodePath("dir_light")
surface_material_override/0 = SubResource("StandardMaterial3D_628ck")
script = ExtResource("5_i25xt")
gravitation = 100.0
surface_radius = 1000.0

[node name="dir_light" type="DirectionalLight3D" parent="sun" node_paths=PackedStringArray("player")]
transform = Transform3D(0.623566, 0, 0.781771, 0, 1, 0, -0.781771, 0, 0.623566, 0, 0, 0)
light_cull_mask = 4293918721
shadow_enabled = true
directional_shadow_split_1 = 0.01
directional_shadow_split_2 = 0.04
directional_shadow_split_3 = 0.1
directional_shadow_max_distance = 1000.0
script = ExtResource("1_du7ao")
player = NodePath("../../player")

[node name="omni_light" type="OmniLight3D" parent="sun"]
layers = 2
light_cull_mask = 4293918722
omni_range = 4000000.0
omni_attenuation = 0.000252747

[node name="player" parent="." instance=ExtResource("3_cy13p")]
transform = Transform3D(0.339775, 0.621821, -0.705614, -0.800553, 0.584985, 0.130026, 0.493626, 0.520703, 0.696564, -15784.1, 745.912, -24059.5)

[node name="earth" parent="." instance=ExtResource("4_k1ssn")]
transform = Transform3D(0.866025, -0.163139, 0.472637, 2.98023e-08, 0.945274, 0.326278, -0.5, -0.282565, 0.818631, -15691.9, 164.803, -23918)

[node name="planetoid2" type="Node3D" parent="." node_paths=PackedStringArray("active_only", "orbit")]
transform = Transform3D(0.866025, 0.167619, 0.471067, 2.98023e-08, 0.942133, -0.335238, -0.5, 0.290324, 0.815912, -16968.7, 111.286, -23224.9)
script = ExtResource("5_i25xt")
gravitation = 5.0
active_only = [NodePath("StaticBody3D")]
orbit = NodePath("../earth")
spin_period = 20.0
orbit_period = 7.0
metadata/_edit_group_ = true

[node name="MeshInstance3D" type="MeshInstance3D" parent="planetoid2"]
transform = Transform3D(1, 0, 0, 0, 1, -3.55271e-15, 0, -3.55271e-15, 1, 0, 0, 0)
layers = 3
mesh = SubResource("SphereMesh_qssiu")

[node name="StaticBody3D" type="StaticBody3D" parent="planetoid2"]

[node name="CollisionShape3D" type="CollisionShape3D" parent="planetoid2/StaticBody3D"]
shape = SubResource("SphereShape3D_tbrwi")

[node name="moon1" parent="." node_paths=PackedStringArray("orbit") instance=ExtResource("5_fy7xb")]
transform = Transform3D(0.935239, 0.342777, 0.0884901, -0.237707, 0.793273, -0.560547, -0.262339, 0.503211, 0.823381, -15740.8, 917.623, -25961.3)
orbit = NodePath("../earth")
orbit_period = 79.0

[node name="venus" parent="." node_paths=PackedStringArray("orbit") instance=ExtResource("6_85u24")]
transform = Transform3D(1, 0, 0, 0, 1, 0, 0, 0, 1, 8041.48, 0.942139, 2907.58)
orbit = NodePath("../sun")
spin_period = 40.0
orbit_period = 50.0

[node name="gas_giant" type="MeshInstance3D" parent="." node_paths=PackedStringArray("orbit")]
transform = Transform3D(1, 0, 0, 0, 1, 0, 0, 0, 1, -113694, 0.001, -305955)
layers = 7
mesh = SubResource("SphereMesh_av8mv")
surface_material_override/0 = SubResource("StandardMaterial3D_yvld4")
script = ExtResource("5_i25xt")
gravitation = 40.0
surface_radius = 300.0
orbit = NodePath("../sun")
spin_period = 30.0
orbit_period = 600.0

[node name="stars" type="MultiMeshInstance3D" parent="."]
transform = Transform3D(0.981084, -0.193584, 0, 0.192421, 0.975191, -0.109439, 0.0211857, 0.107369, 0.993993, 0, 0, 0)
layers = 2
material_override = SubResource("ShaderMaterial_wo1q8")
cast_shadow = 0
lod_bias = 128.0
multimesh = ExtResource("15_1w72n")
script = ExtResource("13_y7hry")
